1234567890
1234567890
1234567890
1234567890
1234567890
1234567890
1234567890
1234567890
1234567890
1234567890
1234567890
1234567890
1234567890
1234567890
1234567890
1234567890
1234567890
1234567890
1234567890
1234567890
2143658709
1246385079
2164830597
2614385079
6241830597
6214803957
2641089375
6240183957
2604819375
2064189735
0246817953
2064871935
0246789153
0427681935
4072869153
0427689513
4072865931
4708256913
7480529631
4708256931
7480529613
7845092631
8754906213
7845096123
8754901632
8579406123
5897041632
8579014623
5897106432
5987016342
9578103624
5971806342
9517083624
9571038264
5917302846
5197038264
1579302846
5173920486
1537294068
1573920486
5137294068
1532749608
5123476980
5213749608
2531476980
2513467890
5231648709
2536147890
5263418709
5623148079
6532410897
5623401879
6532048197
6350241879
3605428197
6350248917
3605429871
3064592817
0346958271
3064592871
0346958217
0439685271
4093862517
0439682157
4093861275
4908362157
9480631275
4908613257
9480162375
9840612735
8904167253
9801462735
8910647253
8901674523
9810765432
9180674523
1908765432
9107856342
1970583624
1907856342
9170583624
1975038264
9157302846
9517038264
5971302846
5917320486
9571234068
5972130486
9527314068
9257134608
2975316480
9257361408
2975634180
2796531408
7269354180
2796534810
7269358401
7623985410
6732894501
7623985401
6732894510
6378249501
3687425910
6378245190
3687421509
3864725190
8346271509
3864217590
8346125709
8436215079
4863120597
8461325079
4816230597
4861203957
8416029375
8146203957
1864029375
8160492735
1806947253
1860492735
8106947253
1809674523
8190765432
8910674523
9801765432
9810756423
8901576324
9805173642
8950713624
8590173264
5809712346
8590721364
5809273146
5082971364
0528793146
5082973416
0528794361
0257849316
2075483961
0257849361
2075483916
2704538961
7240359816
2704539186
7240351968
7423059186
4732501968
7423510986
4732159068
4372519608
3427156980
4321759608
3412576980
3421567890
4312658709
4132567890
1423658709
4126385079
1462830597
1426385079
4162830597
1468203957
4186029375
4816203957
8461029375
8416092735
4861907253
8469102735
4896017253
4986107523
9468015732
4986051723
9468507132
9645801723
6954087132
9645807312
6954083721
6590438712
5609347821
6590438721
5609347812
5063974821
0536798412
5063978142
0536791824
0357698142
3075961824
0357916842
3075198624
3705918264
7350192846
3751098264
7315902846
7351920486
3715294068
3175920486
1357294068
3152749608
1325476980
1352746908
3125476980
1324567890
3142658709
3412567890
4321658709
4312685079
3421860597
4328165079
3482610597
3842160957
8324619075
3842691057
8324960175
8239461057
2893640175
8239460715
2893647051
2986374015
9268730451
2986374051
9268730415
9627803451
6972084315
9627804135
6972081453
6790284135
7609821453
6790812435
7609184253
7069814523
0796185432
7091684523
0719865432
0791856342
7019583624
7109856342
1790583624
7195038264
1759302846
1795038264
7159302846
1753920486
7135294068
7315920486
3751294068
3715249608
7351426980
3754129608
7345216980
7435126890
4753218609
7435281690
4753826109
4578321690
5487236109
4578326019
5487230691
5842703619
8524076391
5842703691
8524076319
8250467391
2805643719
8250463179
2805641397
2086543179
0268451397
2086415379
0268143597
0628413957
6082149375
0681243957
6018429375
6081492735
0618947253
0168492735
1086947253
0189674523
1098765432
1089674523
0198765432
1097856342
0179583624
0719856342
7091583624
7019538264
0791352846
7093158264
0739512846
0379152486
3097514268
0379541286
3097452168
3904751286
9340572168
3904752618
9340576281
9435067218
4953602781
9435067281
4953602718
4596320781
5469237018
4596327108
5469231780
5642937108
6524391780
5642319708
6524137980
6254317890
2645138709
6241537890
2614358709
2641385079
6214830597
6124385079
1642830597
6148203957
1684029375
1648203957
6184029375
1680492735
6108947253
6018492735
0681947253
0618974523
6081795432
0687194523
6078915432
6708195342
7680913524
6708931542
7680395124
7863091542
8736905124
7863095214
8736902541
8379620514
3897265041
8379620541
3897265014
3982756041
9328570614
3982750164
9328571046
9235870164
2953781046
9235718064
2953170846
2593710486
5239174068
2531970486
5213794068
5231749608
2513476980
2153749608
1235476980
2134567890
1243658709
1234567890
1234567890
1234567890
1234567890
1234567890
