
   *** Bell Statistics Summary
       --------------------------------------------------------------------
         Bell Number:       1    2    3    4    5    6    7    8    9    0  
       --------------------------------------------------------------------
         Mean Error: All   -10   16   -6    4    3    6   -3    1   -8   -3 
                      Hs    -4   17    1   16    3   14   -2  -12  -11   -5 
                      Bs   -17   15  -12   -8    4   -2   -3   14   -5   -2 
        
         Std  Error: All    26   26   29   29   21   32   28   27   21   17 
                      Hs    23   26   31   22   22   29   27   25   18   17 
                      Bs    26   25   27   31   19   33   28   22   23   17 
        
         Rms  Error: All    28   30   30   30   21   33   28   27   23   18 
                      Hs    24   31   31   27   22   32   27   28   22   18 
                      Bs    31   29   29   32   19   33   28   26   24   18 
       --------------------------------------------------------------------
